-0.01296
0.028068
0.0689
0.10962
0.152676
0.201256
0.255416
0.313044
0.372112
0.43004
0.48128
0.526784
0.566052
0.598612
0.623904
0.642784
0.654468
0.661044
0.663908
0.6639
0.662348
0.660036
0.65694
0.654936
0.655136
0.65922
0.664908
0.670368
0.675652
0.67768
0.677844
0.677776
0.675108
0.670344
0.664936
0.65746
0.645772
0.626888
0.601852
0.572352
0.54158
0.508992
0.47752
0.447288
0.421808
0.401976
0.384916
0.370184
0.358524
0.34812
0.338244
0.329196
0.321664
0.311608
0.30236
0.293656
0.28506
0.275276
0.264844
0.254988
0.247568
0.240944
0.234548
0.2272
0.21664
0.204604
0.190928
0.172416
0.151288
0.12916
0.095316
0.065052
0.041488
0.024068
0.01154
0.00378
0.002044
0.003848
0.005944
0.005616
0.005808
0.005984
0.001716
-0.005712
-0.016388
-0.030084
-0.045404
-0.060164
-0.073508
-0.086464
-0.100112
-0.114568
-0.130924
-0.149336
-0.1682
-0.187044
-0.204688
-0.223744
-0.24366
-0.263844
-0.28274
-0.298464
-0.310552
-0.319104
-0.323244
-0.322608
-0.317524
-0.310172
-0.300688
-0.289524
-0.278628
-0.269636
-0.262156
-0.255312
-0.24882
-0.240936
-0.23234
-0.22272
-0.211736
-0.200296
-0.187988
-0.174976
-0.16222
-0.14754
-0.130888
-0.112832
-0.092912
-0.07204
-0.04964
-0.026504
-0.003652
0.019628
0.040964
0.061016
0.078896
0.09474
0.10912
0.124924
0.141624
0.158012
0.17376
0.189092
0.201272
0.21002
0.217228
0.2248
0.231816
0.237544
0.243272
0.24986
0.25712
0.265152
0.272404
0.2783
0.281024
0.281476
0.279544
0.274988
0.267848
0.256068
0.240868
0.223312
0.20446
0.1847
0.165252
0.147852
0.132368
0.116648
0.1007
0.080176
0.056352
0.032868
0.011316
-0.006368
-0.018996
-0.027036
-0.03138
-0.035044
-0.040856
-0.050444
-0.062744
-0.076892
-0.095268
-0.118356
-0.144468
-0.172892
-0.202024
-0.231372
-0.259704
-0.286956
-0.311712
-0.33348
-0.352916
-0.368796
-0.381
-0.391728
-0.401296
-0.407096
-0.4103
-0.41016
-0.40724
-0.403308
-0.399536
-0.39632
-0.393976
-0.39306
-0.395624
-0.401216
-0.409116
-0.417956
-0.427584
-0.437804
-0.446784
-0.456364
-0.4673
-0.479336
-0.491712
-0.504512
-0.5176
-0.52848
-0.53732
-0.54466
-0.548388
-0.550764
-0.5521
-0.555344
-0.561316
-0.57058
-0.582848
-0.597324
-0.610544
-0.622452
-0.630244
-0.63358
-0.635988
-0.637924
-0.637452
-0.634704
-0.630628
-0.623852
-0.6151
-0.603092
-0.590412
-0.578148
-0.5669
-0.55678
-0.546604
-0.536424
-0.527148
-0.515772
-0.50298
-0.48994
-0.477436
-0.465392
-0.454424
-0.44662
-0.441672
-0.438856
-0.440264
-0.450604
-0.468188
-0.491768
-0.518172
-0.546696
-0.578048
-0.610644
-0.642608
-0.674824
-0.707928
-0.739968
-0.769784
-0.795988
-0.818324
-0.833556
-0.840364
-0.840624
-0.834652
-0.823932
-0.810628
-0.797
-0.783788
-0.772988
-0.766052
-0.763708
-0.764476
-0.768672
-0.775032
-0.78488
-0.796852
-0.813072
-0.832468
-0.85448
-0.877912
-0.902176
-0.927948
-0.953768
-0.979156
-1
-1
-1
-1
-1
-1
-1
-1
-1
-1
-1
-1
-1
-1
-1
-1
-1
-1
-1
-1
-1
-0.99626
-0.988016
-0.976872
-0.962996
-0.94562
-0.924484
-0.898052
-0.867116
-0.8321
-0.793696
-0.753436
-0.713016
-0.67368
-0.632296
-0.591796
-0.553348
-0.517156
-0.47936
-0.440896
-0.399676
-0.357844
-0.315676
-0.271552
-0.22652
-0.18196
-0.138572
-0.097156
-0.057584
-0.020484
0.014676
0.045756
0.072832
0.099436
0.1277
0.157784
0.18756
0.218808
0.250896
0.283876
0.318232
0.353084
0.388772
0.424484
0.460516
0.498808
0.541556
0.587672
0.635148
0.686016
0.737828
0.78892
0.839356
0.888212
0.93454
0.979096
1
1
1
1
1
1
1
1
1
1
1
1
1
1
1
1
1
1
1
1
1
1
1
1
1
1
1
1
1
1
1
1
1
1
1
1
1
1
1
0.9971
0.990028
0.98092
0.969812
0.95712
0.943472
0.928756
0.910536
0.88664
0.858044
0.823852
0.786956
0.74844
0.708612
0.66818
0.628724
0.591264
0.555176
0.521528
0.490048
0.46382
0.440548
0.418692
0.397072
0.375788
0.35492
0.334096
0.314028
0.293492
0.273408
0.254624
0.237332
0.221052
0.206252
0.191512
0.174948
0.155612
0.129728
0.101696
0.072452
0.0436
0.017164
-0.006892
-0.030324
-0.052764
-0.07454
-0.095796
-0.116808
-0.138748
-0.161852
-0.185948
-0.209272
-0.233032
-0.25728
-0.2816
-0.305252
-0.327328
-0.347616
-0.366372
-0.384576
-0.402548
-0.418488
-0.431252
-0.44244
-0.451848
-0.460384
-0.467468
-0.474168
-0.481508
-0.489664
-0.498564
-0.508604
-0.522228
-0.539792
-0.557112
-0.57268
-0.587644
-0.602316
-0.616732
-0.630708
-0.644732
-0.658404
-0.673652
-0.688568
-0.703216
-0.717176
-0.73114
-0.745212
-0.75902
-0.772204
-0.785936
-0.802232
-0.816552
-0.830468
-0.842392
-0.852576
-0.861324
-0.86824
-0.872776
-0.875304
-0.876536
-0.876808
-0.875392
-0.8697
-0.859364
-0.84544
-0.829948
-0.815224
-0.801284
-0.788944
-0.778508
-0.769028
-0.761844
-0.75622
-0.75252
-0.748464
-0.743816
-0.7411
-0.742896
-0.749856
-0.760156
-0.770796
-0.781496
-0.793336
-0.805396
-0.81658
-0.82442
-0.827168
-0.82576
-0.823728
-0.820588
-0.815348
-0.807588
-0.801076
-0.792248
-0.78138
-0.768468
-0.75296
-0.736932
-0.720492
-0.703952
-0.685104
-0.664088
-0.642516
-0.619708
-0.593684
-0.565148
-0.53596
-0.506268
-0.475764
-0.444972
-0.41452
-0.38386
-0.353624
-0.3221
-0.290388
-0.259084
-0.22942
-0.20166
-0.173972
-0.145696
-0.11608
-0.084564
-0.0538
-0.023128
0.009388
0.044004
0.07932
0.113828
0.146752
0.177532
0.206748
0.236848
0.267256
0.297032
0.324376
0.348776
0.369896
0.389384
0.40636
0.42122
0.433164
0.442116
0.447672
0.449088
0.446768
0.4408
0.433268
0.424316
0.415004
0.404412
0.392736
0.380984
0.369108
0.356788
0.343848
0.330016
0.315148
0.300536
0.2847
0.267948
0.251792
0.236148
0.220092
0.20384
0.187296
0.170252
0.1524
0.132996
0.112584
0.0913
0.069772
0.047832
0.024752
0.000944
-0.024512
-0.051332
-0.078896
-0.103336
-0.128548
-0.152984
-0.175436
-0.197204
-0.218492
-0.239092
-0.258116
-0.276408
-0.292924
-0.3081
-0.322272
-0.337608
-0.350576
-0.360528
-0.367452
-0.3714
-0.372604
-0.372436
-0.371464
-0.369644
-0.367312
-0.365352
-0.362848
-0.361596
-0.36068
-0.359844
-0.358768
-0.356796
-0.354016
-0.35068
-0.346968
-0.342088
-0.33544
-0.327112
-0.31756
-0.307112
-0.297512
-0.288356
-0.279676
-0.272508
-0.26708
-0.26298
-0.262064
-0.263668
-0.267996
-0.273736
-0.280916
-0.288324
-0.295512
-0.299028
-0.299368
-0.297808
-0.293604
-0.28642
-0.276784
-0.265532
-0.255436
-0.247124
-0.240456
-0.235276
-0.232276
-0.230148
-0.23002
-0.230132
-0.230056
-0.22864
-0.226964
-0.223808
-0.220548
-0.217404
-0.2143
-0.21134
-0.208276
-0.204048
-0.201912
-0.201612
-0.20708
-0.216256
-0.227728
-0.237884
-0.246508
-0.251476
-0.253108
-0.252576
-0.252104
-0.25004
-0.24848
-0.249052
-0.25096
-0.252796
-0.256856
-0.262788
-0.269956
-0.277928
-0.286432
-0.295052
-0.30432
-0.313384
-0.322776
-0.332056
-0.339744
-0.347644
-0.360696
-0.378276
-0.401952
-0.430268
-0.461276
-0.491416
-0.519988
-0.545516
-0.570272
-0.594888
-0.618936
-0.64408
-0.667888
-0.689416
-0.707928
-0.722076
-0.732604
-0.738636
-0.741632
-0.7439
-0.746488
-0.750092
-0.755588
-0.762948
-0.773504
-0.787628
-0.802632
-0.817524
-0.832192
-0.846036
-0.856104
-0.862236
-0.865408
-0.867204
-0.869148
-0.873336
-0.879692
-0.887088
-0.89438
-0.902844
-0.9137
-0.92646
-0.938716
-0.948928
-0.95744
-0.964536
-0.970444
-0.975372
-0.979476
-0.982896
-0.985748
-0.988124
-0.990104
-0.991752
-0.993128
-0.994272
-0.995228
-0.996024
-0.996684
-0.997236
-0.9977
-0.99808
-0.9984
-0.998668
-0.998888
-0.999076
-0.999228
-0.999356
-0.999464
-0.999552
-0.999628
-0.999692
-0.99974
-0.999784
-0.99982
-0.999852
-0.999876
-0.999896
-0.999912
-0.999928
-0.99994
-0.999948
-0.99996
-0.999964
-0.999972
-0.999976
-0.99998
-0.999984
-0.999988
-0.999988
-0.999992
-0.999992
-0.999992
-0.999996
-0.999996
-0.999996
-0.999996
-0.999996
-0.999996
-1
-1
-1
-1
-1
-1
-1
-1
-1
-1
-1
-1
-1
-1
-1
-1
-1
-1
-1
-1
-1
-1
-1
-1
-1
-1
-1
-1
-1
-1
-1
-1
-1
-1
-1
-1
-1
-1
-1
-1
-1
-1
-1
-1
-1
-1
-1
-1
-1
-1
-1
-1
-1
-1
-1
-1
-1
-1
-1
-1
-1
-1
-1
-1
-1
-1
-1
-1
-1
-1
-1
-1
-1
-1
-1
-1
-1
-1
-1
-1
-1
-1
-1
-1
-1
-1
-1
-1
-1
-1
-1
-1
-1
-1
-1
-1
-1
-1
-1
-1
-1
-1
-1
-1
-1
-1
-1
-1
-1
-1
-1
-1
-1
-1
-1
-1
-1
-1
-1
-1
-1
-1
-1
-1
-1
-1
-1
-1
-1
-1
-1
-1
-1
-1
-1
-1
-1
-1
-1
-1
-1
-1
-1
-1
-1
-1
-1
-1
-1
-1
-1
-1
-1
-1
-1
-1
-1
-1
-1
-1
-1
-1
-1
-1
-1
-1
-1
-1
-1
-1
-1
-1
-1
-1
-1
-1
-1
-1
-1
-1
-1
-1
-1
-1
-1
-1
-1
-1
-1
-1
-1
-1
-1
-1
-1
-1
-1
-1
-1
-1
-1
-1
-1
-1
-1
-1
-1
-1
-1
-1
-1
-1
-1
-1
-1
-1
-1
-1
-1
-1
-1
-1
-1
-1
-1
-1
-1
-1
-1
-1
-1
-1
-1
-1
-1
-1
-1
-0.992128
-0.971916
-0.939644
-0.89662
-0.845152
-0.787956
-0.727288
-0.666224
-0.608296
-0.553752
-0.501872
-0.454016
-0.410804
-0.37172
-0.337252
-0.307432
-0.282644
-0.262968
-0.247916
-0.236384
-0.2253
-0.213924
-0.201728
-0.188628
-0.168296
-0.13974
-0.10544
-0.06708
-0.026464
0.015236
0.05574
0.09682
0.138648
0.178584
0.215428
0.24702
0.271836
0.29054
0.3042
0.312084
0.314672
0.312316
0.305336
0.29592
0.285468
0.274188
0.262756
0.248592
0.23222
0.214144
0.197988
0.181356
0.166016
0.15232
0.14098
0.131732
0.126668
0.125424
0.127568
0.13346
0.142316
0.152112
0.163012
0.175008
0.186768
0.196496
0.203644
0.210212
0.215256
0.215852
0.212836
0.207816
0.20376
0.201336
0.199464
0.198716
0.198508
0.199032
0.20066
0.20592
0.218212
0.237884
0.261348
0.287036
0.315084
0.345952
0.379576
0.414168
0.44996
0.484112
0.517656
0.550052
0.583348
0.616916
0.649644
0.678172
0.704108
0.72802
0.748584
0.764932
0.777112
0.787084
0.795432
0.801792
0.8069
0.813156
0.819972
0.827328
0.835776
0.845456
0.853648
0.859828
0.861628
0.859728
0.85604
0.85054
0.844604
0.838876
0.831208
0.820984
0.808804
0.795388
0.782024
0.76872
0.754356
0.7401
0.726956
0.7159
0.707132
0.700876
0.697764
0.696484
0.695892
0.695012
0.695336
0.698488
0.703524
0.708228
0.712232
0.715932
0.722348
0.731224
0.742304
0.757632
0.777388
0.801204
0.827764
0.856112
0.88548
0.918572
0.955964
0.996648
1
1
1
1
1
1
1
1
1
1
1
1
1
1
1
1
1
1
1
1
1
1
1
1
1
1
1
1
1
1
1
1
1
1
1
1
1
1
1
1
1
1
1
1
1
1
1
1
1
1
1
1
1
1
1
1
1
1
1
1
1
1
1
1
1
1
1
1
1
1
1
1
1
1
1
1
1
1
1
1
1
1
1
1
1
1
1
1
1
1
1
1
1
1
1
1
1
1
1
1
1
1
1
1
1
1
1
1
1
1
1
1
1
1
1
1
1
1
1
1
1
1
1
1
0.997616
0.992388
0.984404
0.974468
0.962496
0.948588
0.931816
0.9128
0.894944
0.879676
0.867504
0.857416
0.84886
0.843676
0.839768
0.836412
0.833004
0.829668
0.827512
0.826296
0.825328
0.825044
0.826492
0.826112
0.823572
0.819284
0.81344
0.806384
0.798272
0.789028
0.779872
0.770476
0.76098
0.749404
0.735916
0.720468
0.70326
0.683356
0.661128
0.638748
0.618928
0.60016
0.582028
0.56594
0.551772
0.538712
0.5288
0.52178
0.519408
0.524172
0.534448
0.548328
0.565068
0.582536
0.595924
0.605316
0.6098
0.610832
0.609052
0.606532
0.603372
0.595448
0.584268
0.5717
0.558232
0.544392
0.53104
0.516224
0.500052
0.483624
0.468436
0.45484
0.444296
0.433664
0.423568
0.414364
0.410168
0.410832
0.416448
0.426032
0.440092
0.458048
0.481164
0.508904
0.54118
0.576544
0.613916
0.65272
0.69398
0.739216
0.787744
0.836248
0.883688
0.929944
0.972744
1
1
1
1
1
1
1
1
1
1
1
1
1
1
1
1
1
1
1
1
1
1
1
1
1
1
1
1
1
1
1
1
1
1
1
1
1
1
1
1
1
1
1
1
1
1
1
1
1
1
1
1
1
1
1
1
1
1
1
1
1
1
1
1
1
1
1
1
1
1
1
1
1
1
1
1
1
1
1
1
1
1
1
1
1
1
1
0.997972
0.985264
0.962868
0.932224
0.895056
0.853628
0.809724
0.764416
0.721056
0.682232
0.64856
0.619196
0.593248
0.56896
0.545804
0.523536
0.5014
0.483448
0.469492
0.458208
0.449276
0.443504
0.438528
0.434548
0.432844
0.43124
0.426996
0.420516
0.410316
0.39748
0.3838
0.3716
0.358784
0.344584
0.329136
0.310656
0.288876
0.265612
0.242096
0.220972
0.20248
0.18258
0.157744
0.128696
0.096352
0.062276
0.027736
-0.005624
-0.035204
-0.060772
-0.083016
-0.102804
-0.119716
-0.135344
-0.144248
-0.147612
-0.146992
-0.143396
-0.13738
-0.12764
-0.115016
-0.099652
-0.08232
-0.06396
-0.043028
-0.02076
0.0031
0.029248
0.05726
0.086548
0.117036
0.150444
0.186964
0.225152
0.263596
0.301112
0.335868
0.367024
0.394612
0.419156
0.437656
0.450212
0.457984
0.4593
0.455168
0.446524
0.434092
0.419196
0.404872
0.391052
0.376804
0.363512
0.35252
0.342604
0.33426
0.3276
0.323116
0.321348
0.327508
0.341064
0.362132
0.390092
0.42296
0.459272
0.497316
0.536276
0.569728
0.600164
0.628004
0.653764
0.6796
0.707196
0.73564
0.763996
0.791456
0.818728
0.844988
0.869548
0.89284
0.91446
0.93566
0.956988
0.97714
0.996964
1
1
1
1
1
1
1
1
1
1
1
1
1
1
1
0.9992
0.997752
0.995284
0.990796
0.985796
0.979416
0.973092
0.969272
0.966332
0.963072
0.960212
0.960008
0.961748
0.964912
0.97132
0.979568
0.992388
1
1
1
1
1
1
1
1
1
1
1
1
1
1
0.994004
0.98008
0.959216
0.933264
0.903172
0.869412
0.832024
0.793256
0.754504
0.713348
0.671964
0.6324
0.596772
0.566628
0.539104
0.514136
0.490452
0.466988
0.44196
0.413828
0.381308
0.344376
0.303596
0.261496
0.220384
0.179848
0.14286
0.109772
0.077856
0.048008
0.020272
-0.006544
-0.030884
-0.055496
-0.081112
-0.107088
-0.133048
-0.15978
-0.18728
-0.216568
-0.246844
-0.276748
-0.305004
-0.332516
-0.356112
-0.375104
-0.390908
-0.40434
-0.41526
-0.42382
-0.430444
-0.436904
-0.443376
-0.449952
-0.455308
-0.460592
-0.46332
-0.46552
-0.466952
-0.467748
-0.466084
-0.462268
-0.457968
-0.45486
-0.454712
-0.45672
-0.46104
-0.467128
-0.473316
-0.476184
-0.477736
-0.4803
-0.48252
-0.488184
-0.497448
-0.509184
-0.515124
-0.516404
-0.51242
-0.50698
-0.5013
-0.49366
-0.48268
-0.469044
-0.451624
-0.4326
-0.40866
-0.382164
-0.352112
-0.317716
-0.280492
-0.242264
-0.206048
-0.171104
-0.138676
-0.107884
-0.078984
-0.052648
-0.027744
-0.00478
0.015916
0.03624
0.054944
0.075324
