0, 22862, 3743, 1, 0, 0, 22862, 5890, 1, 1.52447e+09, 
0, 15888, 10121, 1, 0, 0, 15888, 6533, 1, 1.5245e+09, 
0, 3635, 7634, 1, 0, 0, 3635, 8217, 1, 1.5245e+09, 
0, 19912, 6888, 1, 0, 0, 19912, 2687, 1, 1.5245e+09, 
0, 19878, 4639, 1, 0, 0, 19878, 4786, 1, 1.5245e+09, 
0, 982, 1450, 1, 0, 0, 982, 8675, 1, 1.52447e+09, 
0, 41932, 3844, 1, 0, 0, 41932, 1296, 1, 1.52447e+09, 
0, 14338.5, 10780, 1, 0, 0, 14338.5, 9778, 1, 1.5245e+09, 
0, 18634, 2132, 1, 0, 0, 18634, 3189, 1, 1.52447e+09, 
0, 21220, 5363, 1, 0, 0, 21220, 6228, 1, 1.5245e+09, 
0, 17320, 3194, 1, 0, 0, 17320, 1456, 1, 1.52447e+09, 
0, 13086, 6356, 1, 0, 0, 13086, 6148, 1, 1.52447e+09, 
0, 43924.5, 4217, 1, 0, 0, 43924.5, 3495, 1, 1.5245e+09, 
0, 6279, 9851, 1, 0, 0, 6279, 6260, 1, 1.5245e+09, 
0, 6484, 8884, 1, 0, 0, 6484, 1748, 1, 1.52447e+09, 
0, 9467, 5697, 1, 0, 0, 9467, 4273, 1, 1.5245e+09, 
0, 36085, 7577, 1, 0, 0, 36085, 8096, 1, 1.52447e+09, 
0, 37935, 1396, 1, 0, 0, 37935, 5722, 1, 1.5245e+09, 
0, 47133, 5485, 1, 0, 0, 47133, 9973, 1, 1.5245e+09, 
0, 7300, 3425, 1, 0, 0, 7300, 9491, 1, 1.5245e+09, 
0, 1808, 8167, 1, 0, 0, 1808, 9360, 1, 1.52447e+09, 
0, 20904, 8982, 1, 0, 0, 20904, 9500, 1, 1.5245e+09, 
0, 7350, 4657, 1, 0, 0, 7350, 5244, 1, 1.5245e+09, 
0, 22998, 9753, 1, 0, 0, 22998, 2964, 1, 1.5245e+09, 
0, 5144, 6603, 1, 0, 0, 5144, 2694, 1, 1.5245e+09, 
0, 7839, 4722, 1, 0, 0, 7839, 8302, 1, 1.5245e+09, 
0, 12532.5, 7092, 1, 0, 0, 12532.5, 3667, 1, 1.52447e+09, 
0, 11709, 1094, 1, 0, 0, 11709, 9491, 1, 1.5245e+09, 
0, 6453, 4998, 1, 0, 0, 6453, 5090, 1, 1.5245e+09, 
0, 10240.5, 10354, 1, 0, 0, 10240.5, 3766, 1, 1.5245e+09, 
