0, 11160, 3908, 1, 0, 0, 11160, 2535, 1, 1.52451e+09, 
0, 10676, 5283, 1, 0, 0, 10676, 7160, 1, 1.52451e+09, 
0, 22862, 3743, 1, 0, 0, 22862, 5890, 1, 1.52447e+09, 
0, 15888, 10121, 1, 0, 0, 15888, 6533, 1, 1.52451e+09, 
0, 3635, 7634, 1, 0, 0, 3635, 8217, 1, 1.52451e+09, 
0, 2840, 2480, 1, 0, 0, 2840, 1253, 1, 1.52451e+09, 
0, 9605, 10567, 1, 0, 0, 9605, 6680, 1, 1.52447e+09, 
0, 19912, 6888, 1, 0, 0, 19912, 2687, 1, 1.52451e+09, 
0, 4348, 9791, 1, 0, 0, 4348, 9075, 1, 1.52451e+09, 
0, 19878, 4639, 1, 0, 0, 19878, 4786, 1, 1.52451e+09, 
0, 4509, 5118, 1, 0, 0, 4509, 6195, 1, 1.52451e+09, 
0, 982, 1450, 1, 0, 0, 982, 8675, 1, 1.52447e+09, 
0, 41932, 3844, 1, 0, 0, 41932, 1296, 1, 1.52447e+09, 
0, 36068, 4337, 1, 0, 0, 36068, 5399, 1, 1.52451e+09, 
0, 1762, 3887, 1, 0, 0, 1762, 9416, 1, 1.52451e+09, 
0, 14338.5, 10780, 1, 0, 0, 14338.5, 9778, 1, 1.52451e+09, 
0, 9476, 10196, 1, 0, 0, 9476, 3237, 1, 1.52447e+09, 
0, 18634, 2132, 1, 0, 0, 18634, 3189, 1, 1.52447e+09, 
0, 22400, 8177, 1, 0, 0, 22400, 5587, 1, 1.52451e+09, 
0, 21220, 5363, 1, 0, 0, 21220, 6228, 1, 1.52451e+09, 
0, 9054, 2432, 1, 0, 0, 9054, 6087, 1, 1.52447e+09, 
0, 17320, 3194, 1, 0, 0, 17320, 1456, 1, 1.52447e+09, 
0, 21630, 3574, 1, 0, 0, 21630, 9150, 1, 1.52451e+09, 
0, 37520, 2110, 1, 0, 0, 37520, 4698, 1, 1.52447e+09, 
0, 13086, 6356, 1, 0, 0, 13086, 6148, 1, 1.52447e+09, 
0, 43924.5, 4217, 1, 0, 0, 43924.5, 3495, 1, 1.52451e+09, 
0, 6279, 9851, 1, 0, 0, 6279, 6260, 1, 1.52451e+09, 
0, 22062, 2524, 1, 0, 0, 22062, 7736, 1, 1.52447e+09, 
0, 6484, 8884, 1, 0, 0, 6484, 1748, 1, 1.52447e+09, 
0, 9467, 5697, 1, 0, 0, 9467, 4273, 1, 1.52451e+09, 
0, 20101.5, 6399, 1, 0, 0, 20101.5, 5004, 1, 1.52451e+09, 
0, 17095, 7736, 1, 0, 0, 17095, 2355, 1, 1.52451e+09, 
0, 36085, 7577, 1, 0, 0, 36085, 8096, 1, 1.52447e+09, 
0, 21906, 4847, 1, 0, 0, 21906, 6486, 1, 1.52451e+09, 
0, 37935, 1396, 1, 0, 0, 37935, 5722, 1, 1.52451e+09, 
0, 29095.5, 2077, 1, 0, 0, 29095.5, 8457, 1, 1.52447e+09, 
0, 47133, 5485, 1, 0, 0, 47133, 9973, 1, 1.52451e+09, 
0, 34219.5, 3245, 1, 0, 0, 34219.5, 7407, 1, 1.52447e+09, 
0, 7300, 3425, 1, 0, 0, 7300, 9491, 1, 1.52451e+09, 
0, 9809, 8343, 1, 0, 0, 9809, 2021, 1, 1.52451e+09, 
0, 1808, 8167, 1, 0, 0, 1808, 9360, 1, 1.52447e+09, 
0, 20904, 8982, 1, 0, 0, 20904, 9500, 1, 1.52451e+09, 
0, 29934, 1556, 1, 0, 0, 29934, 3468, 1, 1.52451e+09, 
0, 7350, 4657, 1, 0, 0, 7350, 5244, 1, 1.52451e+09, 
0, 6975, 5397, 1, 0, 0, 6975, 7855, 1, 1.52451e+09, 
0, 22998, 9753, 1, 0, 0, 22998, 2964, 1, 1.52451e+09, 
0, 5144, 6603, 1, 0, 0, 5144, 2694, 1, 1.52451e+09, 
0, 7839, 4722, 1, 0, 0, 7839, 8302, 1, 1.52451e+09, 
0, 30847.5, 7085, 1, 0, 0, 30847.5, 10705, 1, 1.52451e+09, 
0, 6874.5, 5267, 1, 0, 0, 6874.5, 4920, 1, 1.52447e+09, 
0, 25415, 10041, 1, 0, 0, 25415, 10129, 1, 1.52451e+09, 
0, 12532.5, 7092, 1, 0, 0, 12532.5, 3667, 1, 1.52447e+09, 
0, 25948, 10740, 1, 0, 0, 25948, 5603, 1, 1.52447e+09, 
0, 11709, 1094, 1, 0, 0, 11709, 9491, 1, 1.52451e+09, 
0, 8827.5, 4487, 1, 0, 0, 8827.5, 6711, 1, 1.52451e+09, 
0, 6453, 4998, 1, 0, 0, 6453, 5090, 1, 1.52451e+09, 
0, 10444, 4022, 1, 0, 0, 10444, 1553, 1, 1.52447e+09, 
0, 9121, 2933, 1, 0, 0, 9121, 5770, 1, 1.52451e+09, 
0, 10240.5, 10354, 1, 0, 0, 10240.5, 3766, 1, 1.52451e+09, 
0, 6579, 10542, 1, 0, 0, 6579, 9504, 1, 1.52451e+09, 
