0, 6303, 6198, 1, 0, 0, 6303, 8050, 1, 1.52451e+09, 
0, 11160, 3908, 1, 0, 0, 11160, 2535, 1, 1.52451e+09, 
0, 53275, 10725, 1, 0, 0, 53275, 1755, 1, 1.52451e+09, 
0, 10676, 5283, 1, 0, 0, 10676, 7160, 1, 1.52451e+09, 
0, 7410, 8794, 1, 0, 0, 7410, 7485, 1, 1.52451e+09, 
0, 22862, 3743, 1, 0, 0, 22862, 5890, 1, 1.52448e+09, 
0, 8876, 3294, 1, 0, 0, 8876, 10046, 1, 1.52451e+09, 
0, 15888, 10121, 1, 0, 0, 15888, 6533, 1, 1.52451e+09, 
0, 3635, 7634, 1, 0, 0, 3635, 8217, 1, 1.52451e+09, 
0, 36512, 7180, 1, 0, 0, 36512, 2571, 1, 1.52451e+09, 
0, 43804, 6306, 1, 0, 0, 43804, 1014, 1, 1.52451e+09, 
0, 2840, 2480, 1, 0, 0, 2840, 1253, 1, 1.52451e+09, 
0, 19215, 8825, 1, 0, 0, 19215, 8396, 1, 1.52451e+09, 
0, 14572, 4619, 1, 0, 0, 14572, 10035, 1, 1.52451e+09, 
0, 38455, 9108, 1, 0, 0, 38455, 3248, 1, 1.52451e+09, 
0, 9605, 10567, 1, 0, 0, 9605, 6680, 1, 1.52448e+09, 
0, 14860, 3978, 1, 0, 0, 14860, 8424, 1, 1.52451e+09, 
0, 9664, 2154, 1, 0, 0, 9664, 2530, 1, 1.52451e+09, 
0, 8821.5, 5149, 1, 0, 0, 8821.5, 7007, 1, 1.52451e+09, 
0, 24409, 10525, 1, 0, 0, 24409, 5190, 1, 1.52451e+09, 
0, 19912, 6888, 1, 0, 0, 19912, 2687, 1, 1.52451e+09, 
0, 11036, 9402, 1, 0, 0, 11036, 10556, 1, 1.52451e+09, 
0, 4348, 9791, 1, 0, 0, 4348, 9075, 1, 1.52451e+09, 
0, 3204, 3237, 1, 0, 0, 3204, 2586, 1, 1.52448e+09, 
0, 1558.5, 9130, 1, 0, 0, 1558.5, 7918, 1, 1.52451e+09, 
0, 11645, 10829, 1, 0, 0, 11645, 3270, 1, 1.52451e+09, 
0, 19878, 4639, 1, 0, 0, 19878, 4786, 1, 1.52451e+09, 
0, 4509, 5118, 1, 0, 0, 4509, 6195, 1, 1.52451e+09, 
0, 38040, 5720, 1, 0, 0, 38040, 7763, 1, 1.52451e+09, 
0, 982, 1450, 1, 0, 0, 982, 8675, 1, 1.52448e+09, 
0, 12172, 5886, 1, 0, 0, 12172, 8162, 1, 1.52451e+09, 
0, 11052, 9347, 1, 0, 0, 11052, 8538, 1, 1.52451e+09, 
0, 34517, 10759, 1, 0, 0, 34517, 3273, 1, 1.52451e+09, 
0, 45409.5, 8956, 1, 0, 0, 45409.5, 4288, 1, 1.52448e+09, 
0, 1799, 4619, 1, 0, 0, 1799, 9249, 1, 1.52451e+09, 
0, 6366, 8786, 1, 0, 0, 6366, 6249, 1, 1.52451e+09, 
0, 35721, 9033, 1, 0, 0, 35721, 2452, 1, 1.52451e+09, 
0, 2888, 9320, 1, 0, 0, 2888, 3215, 1, 1.52451e+09, 
0, 7195.5, 1917, 1, 0, 0, 7195.5, 7236, 1, 1.52448e+09, 
0, 10688, 3112, 1, 0, 0, 10688, 9020, 1, 1.52451e+09, 
0, 25947, 4406, 1, 0, 0, 25947, 8298, 1, 1.52448e+09, 
0, 41932, 3844, 1, 0, 0, 41932, 1296, 1, 1.52448e+09, 
0, 36068, 4337, 1, 0, 0, 36068, 5399, 1, 1.52451e+09, 
0, 3534, 6748, 1, 0, 0, 3534, 1995, 1, 1.52451e+09, 
0, 1762, 3887, 1, 0, 0, 1762, 9416, 1, 1.52451e+09, 
0, 14308, 1997, 1, 0, 0, 14308, 9432, 1, 1.52451e+09, 
0, 14338.5, 10780, 1, 0, 0, 14338.5, 9778, 1, 1.52451e+09, 
0, 24178, 2265, 1, 0, 0, 24178, 7865, 1, 1.52448e+09, 
0, 38504, 4962, 1, 0, 0, 38504, 10333, 1, 1.52451e+09, 
0, 9476, 10196, 1, 0, 0, 9476, 3237, 1, 1.52448e+09, 
0, 18634, 2132, 1, 0, 0, 18634, 3189, 1, 1.52448e+09, 
0, 27737.5, 3541, 1, 0, 0, 27737.5, 2180, 1, 1.52451e+09, 
0, 36700, 7974, 1, 0, 0, 36700, 7316, 1, 1.52451e+09, 
0, 22400, 8177, 1, 0, 0, 22400, 5587, 1, 1.52451e+09, 
0, 14596, 5088, 1, 0, 0, 14596, 6912, 1, 1.52451e+09, 
0, 21220, 5363, 1, 0, 0, 21220, 6228, 1, 1.52451e+09, 
0, 4697.5, 3814, 1, 0, 0, 4697.5, 2682, 1, 1.52451e+09, 
0, 9054, 2432, 1, 0, 0, 9054, 6087, 1, 1.52448e+09, 
0, 11568, 2115, 1, 0, 0, 11568, 10828, 1, 1.52451e+09, 
0, 21604.5, 4391, 1, 0, 0, 21604.5, 6012, 1, 1.52451e+09, 
0, 27853, 6173, 1, 0, 0, 27853, 5735, 1, 1.52451e+09, 
0, 8682.5, 7729, 1, 0, 0, 8682.5, 4598, 1, 1.52451e+09, 
0, 17320, 3194, 1, 0, 0, 17320, 1456, 1, 1.52448e+09, 
0, 17190, 5825, 1, 0, 0, 17190, 10064, 1, 1.52451e+09, 
0, 21630, 3574, 1, 0, 0, 21630, 9150, 1, 1.52451e+09, 
0, 8075, 1674, 1, 0, 0, 8075, 6581, 1, 1.52451e+09, 
0, 7284, 3299, 1, 0, 0, 7284, 10117, 1, 1.52451e+09, 
0, 23877, 6745, 1, 0, 0, 23877, 1814, 1, 1.52451e+09, 
0, 41770, 3678, 1, 0, 0, 41770, 8928, 1, 1.52448e+09, 
0, 37520, 2110, 1, 0, 0, 37520, 4698, 1, 1.52448e+09, 
0, 9951, 10988, 1, 0, 0, 9951, 8745, 1, 1.52451e+09, 
0, 13086, 6356, 1, 0, 0, 13086, 6148, 1, 1.52448e+09, 
0, 13060.5, 10673, 1, 0, 0, 13060.5, 7116, 1, 1.52448e+09, 
0, 43924.5, 4217, 1, 0, 0, 43924.5, 3495, 1, 1.52451e+09, 
0, 38896, 2001, 1, 0, 0, 38896, 9941, 1, 1.52451e+09, 
0, 6279, 9851, 1, 0, 0, 6279, 6260, 1, 1.52451e+09, 
0, 42835.5, 5813, 1, 0, 0, 42835.5, 1079, 1, 1.52448e+09, 
0, 31917, 10259, 1, 0, 0, 31917, 5642, 1, 1.52451e+09, 
0, 22295, 1837, 1, 0, 0, 22295, 7866, 1, 1.52451e+09, 
0, 16767.5, 7175, 1, 0, 0, 16767.5, 4201, 1, 1.52451e+09, 
0, 10076.5, 2479, 1, 0, 0, 10076.5, 2521, 1, 1.52451e+09, 
0, 14263.5, 4340, 1, 0, 0, 14263.5, 3921, 1, 1.52451e+09, 
0, 22062, 2524, 1, 0, 0, 22062, 7736, 1, 1.52448e+09, 
0, 14060, 5901, 1, 0, 0, 14060, 10764, 1, 1.52448e+09, 
0, 32892, 7460, 1, 0, 0, 32892, 4868, 1, 1.52451e+09, 
0, 6484, 8884, 1, 0, 0, 6484, 1748, 1, 1.52448e+09, 
0, 9467, 5697, 1, 0, 0, 9467, 4273, 1, 1.52451e+09, 
0, 20101.5, 6399, 1, 0, 0, 20101.5, 5004, 1, 1.52451e+09, 
0, 17095, 7736, 1, 0, 0, 17095, 2355, 1, 1.52451e+09, 
0, 36085, 7577, 1, 0, 0, 36085, 8096, 1, 1.52448e+09, 
0, 21906, 4847, 1, 0, 0, 21906, 6486, 1, 1.52451e+09, 
0, 11481, 9569, 1, 0, 0, 11481, 6627, 1, 1.52448e+09, 
0, 6845, 6543, 1, 0, 0, 6845, 3512, 1, 1.52451e+09, 
0, 37935, 1396, 1, 0, 0, 37935, 5722, 1, 1.52451e+09, 
0, 4314, 9409, 1, 0, 0, 4314, 8976, 1, 1.52451e+09, 
0, 29095.5, 2077, 1, 0, 0, 29095.5, 8457, 1, 1.52448e+09, 
0, 47133, 5485, 1, 0, 0, 47133, 9973, 1, 1.52451e+09, 
0, 34219.5, 3245, 1, 0, 0, 34219.5, 7407, 1, 1.52448e+09, 
0, 40660, 10125, 1, 0, 0, 40660, 3323, 1, 1.52448e+09, 
0, 3560, 4361, 1, 0, 0, 3560, 10916, 1, 1.52451e+09, 
0, 5415, 3360, 1, 0, 0, 5415, 6873, 1, 1.52451e+09, 
0, 3280, 9967, 1, 0, 0, 3280, 8178, 1, 1.52451e+09, 
0, 7300, 3425, 1, 0, 0, 7300, 9491, 1, 1.52451e+09, 
0, 14152.5, 3695, 1, 0, 0, 14152.5, 10448, 1, 1.52451e+09, 
0, 22640, 1744, 1, 0, 0, 22640, 7140, 1, 1.52451e+09, 
0, 34400, 8735, 1, 0, 0, 34400, 2587, 1, 1.52451e+09, 
0, 27846, 8757, 1, 0, 0, 27846, 9778, 1, 1.52448e+09, 
0, 5631, 3748, 1, 0, 0, 5631, 8759, 1, 1.52451e+09, 
0, 9809, 8343, 1, 0, 0, 9809, 2021, 1, 1.52451e+09, 
0, 4222, 9151, 1, 0, 0, 4222, 3882, 1, 1.52448e+09, 
0, 5925, 9551, 1, 0, 0, 5925, 10787, 1, 1.52451e+09, 
0, 1808, 8167, 1, 0, 0, 1808, 9360, 1, 1.52448e+09, 
0, 4807.5, 3127, 1, 0, 0, 4807.5, 10691, 1, 1.52451e+09, 
0, 20904, 8982, 1, 0, 0, 20904, 9500, 1, 1.52451e+09, 
0, 945.5, 5208, 1, 0, 0, 945.5, 7639, 1, 1.52451e+09, 
0, 29934, 1556, 1, 0, 0, 29934, 3468, 1, 1.52451e+09, 
0, 7350, 4657, 1, 0, 0, 7350, 5244, 1, 1.52451e+09, 
0, 6975, 5397, 1, 0, 0, 6975, 7855, 1, 1.52451e+09, 
0, 12853.5, 2716, 1, 0, 0, 12853.5, 4095, 1, 1.52451e+09, 
0, 3253.5, 3591, 1, 0, 0, 3253.5, 8477, 1, 1.52448e+09, 
0, 2124.5, 3234, 1, 0, 0, 2124.5, 7564, 1, 1.52451e+09, 
0, 22998, 9753, 1, 0, 0, 22998, 2964, 1, 1.52451e+09, 
0, 2452, 5439, 1, 0, 0, 2452, 8990, 1, 1.52451e+09, 
0, 5330, 4383, 1, 0, 0, 5330, 10638, 1, 1.52448e+09, 
0, 5144, 6603, 1, 0, 0, 5144, 2694, 1, 1.52451e+09, 
0, 22191, 2478, 1, 0, 0, 22191, 10596, 1, 1.52451e+09, 
0, 7839, 4722, 1, 0, 0, 7839, 8302, 1, 1.52451e+09, 
0, 5320, 1787, 1, 0, 0, 5320, 3083, 1, 1.52451e+09, 
0, 2124, 5670, 1, 0, 0, 2124, 2199, 1, 1.52448e+09, 
0, 30847.5, 7085, 1, 0, 0, 30847.5, 10705, 1, 1.52451e+09, 
0, 12550, 1226, 1, 0, 0, 12550, 5941, 1, 1.52451e+09, 
0, 25585, 8323, 1, 0, 0, 25585, 8017, 1, 1.52451e+09, 
0, 9111, 7182, 1, 0, 0, 9111, 10061, 1, 1.52451e+09, 
0, 9712, 9934, 1, 0, 0, 9712, 7355, 1, 1.52448e+09, 
0, 14987.5, 4519, 1, 0, 0, 14987.5, 9130, 1, 1.52448e+09, 
0, 2518, 9091, 1, 0, 0, 2518, 3784, 1, 1.52451e+09, 
0, 6874.5, 5267, 1, 0, 0, 6874.5, 4920, 1, 1.52448e+09, 
0, 11092, 2656, 1, 0, 0, 11092, 5706, 1, 1.52451e+09, 
0, 4381.5, 7253, 1, 0, 0, 4381.5, 10490, 1, 1.52451e+09, 
0, 45571.5, 10151, 1, 0, 0, 45571.5, 9675, 1, 1.52451e+09, 
0, 25415, 10041, 1, 0, 0, 25415, 10129, 1, 1.52451e+09, 
0, 7694, 4802, 1, 0, 0, 7694, 6896, 1, 1.52451e+09, 
0, 12532.5, 7092, 1, 0, 0, 12532.5, 3667, 1, 1.52448e+09, 
0, 5219, 5710, 1, 0, 0, 5219, 9955, 1, 1.52448e+09, 
0, 7257, 8878, 1, 0, 0, 7257, 5047, 1, 1.52451e+09, 
0, 25948, 10740, 1, 0, 0, 25948, 5603, 1, 1.52448e+09, 
0, 11709, 1094, 1, 0, 0, 11709, 9491, 1, 1.52451e+09, 
0, 8827.5, 4487, 1, 0, 0, 8827.5, 6711, 1, 1.52451e+09, 
0, 4469, 8289, 1, 0, 0, 4469, 10327, 1, 1.52451e+09, 
0, 7086, 7738, 1, 0, 0, 7086, 5140, 1, 1.52451e+09, 
0, 6453, 4998, 1, 0, 0, 6453, 5090, 1, 1.52451e+09, 
0, 10444, 4022, 1, 0, 0, 10444, 1553, 1, 1.52448e+09, 
0, 9121, 2933, 1, 0, 0, 9121, 5770, 1, 1.52451e+09, 
0, 10240.5, 10354, 1, 0, 0, 10240.5, 3766, 1, 1.52451e+09, 
0, 30344, 2887, 1, 0, 0, 30344, 6833, 1, 1.52448e+09, 
0, 6579, 10542, 1, 0, 0, 6579, 9504, 1, 1.52451e+09, 
0, 14455.5, 2891, 1, 0, 0, 14455.5, 3261, 1, 1.52451e+09, 
0, 22520, 6788, 1, 0, 0, 22520, 6314, 1, 1.52451e+09, 
0, 4963.5, 9657, 1, 0, 0, 4963.5, 2082, 1, 1.52451e+09, 
0, 39874.5, 9542, 1, 0, 0, 39874.5, 7284, 1, 1.52451e+09, 
