0, 36340.5, 7915, 1, 0, 0, 36340.5, 3777, 1, 1.52445e+09, 
0, 36340.5, 7915, 1, 0, 0, 36340.5, 3777, 1, 1.52445e+09, 
0, 36340.5, 7915, 1, 0, 0, 36340.5, 3777, 1, 1.52445e+09, 
0, 36340.5, 7915, 1, 0, 0, 36340.5, 3777, 1, 1.52445e+09, 
0, 36340.5, 7915, 1, 0, 0, 36340.5, 3777, 1, 1.52445e+09, 
0, 36340.5, 7915, 1, 0, 0, 36340.5, 3777, 1, 1.52445e+09, 
0, 36340.5, 7915, 1, 0, 0, 36340.5, 3777, 1, 1.52445e+09, 
0, 36340.5, 7915, 1, 0, 0, 36340.5, 3777, 1, 1.52445e+09, 
0, 36340.5, 7915, 1, 0, 0, 36340.5, 3777, 1, 1.52445e+09, 
0, 36340.5, 7915, 1, 0, 0, 36340.5, 3777, 1, 1.52445e+09, 
0, 36340.5, 7915, 1, 0, 0, 36340.5, 3777, 1, 1.52445e+09, 
0, 36340.5, 7915, 1, 0, 0, 36340.5, 3777, 1, 1.52445e+09, 
0, 36340.5, 7915, 1, 0, 0, 36340.5, 3777, 1, 1.52445e+09, 
0, 36340.5, 7915, 1, 0, 0, 36340.5, 3777, 1, 1.52445e+09, 
0, 36340.5, 7915, 1, 0, 0, 36340.5, 3777, 1, 1.52445e+09, 
0, 36340.5, 7915, 1, 0, 0, 36340.5, 3777, 1, 1.52445e+09, 
0, 36340.5, 7915, 1, 0, 0, 36340.5, 3777, 1, 1.52445e+09, 
0, 36340.5, 7915, 1, 0, 0, 36340.5, 3777, 1, 1.52445e+09, 
0, 36340.5, 7915, 1, 0, 0, 36340.5, 3777, 1, 1.52445e+09, 
0, 36340.5, 7915, 1, 0, 0, 36340.5, 3777, 1, 1.52445e+09, 
0, 36340.5, 7915, 1, 0, 0, 36340.5, 3777, 1, 1.52445e+09, 
0, 36340.5, 7915, 1, 0, 0, 36340.5, 3777, 1, 1.52445e+09, 
0, 36340.5, 7915, 1, 0, 0, 36340.5, 3777, 1, 1.52445e+09, 
0, 36340.5, 7915, 1, 0, 0, 36340.5, 3777, 1, 1.52445e+09, 
0, 36340.5, 7915, 1, 0, 0, 36340.5, 3777, 1, 1.52445e+09, 
0, 36340.5, 7915, 1, 0, 0, 36340.5, 3777, 1, 1.52445e+09, 
0, 36340.5, 7915, 1, 0, 0, 36340.5, 3777, 1, 1.52445e+09, 
0, 36340.5, 7915, 1, 0, 0, 36340.5, 3777, 1, 1.52445e+09, 
0, 36340.5, 7915, 1, 0, 0, 36340.5, 3777, 1, 1.52445e+09, 
0, 36340.5, 7915, 1, 0, 0, 36340.5, 3777, 1, 1.52445e+09, 
0, 36340.5, 7915, 1, 0, 0, 36340.5, 3777, 1, 1.52445e+09, 
0, 36340.5, 7915, 1, 0, 0, 36340.5, 3777, 1, 1.52445e+09, 
0, 36340.5, 7915, 1, 0, 0, 36340.5, 3777, 1, 1.52445e+09, 
0, 36340.5, 7915, 1, 0, 0, 36340.5, 3777, 1, 1.52445e+09, 
0, 36340.5, 7915, 1, 0, 0, 36340.5, 3777, 1, 1.52445e+09, 
0, 36340.5, 7915, 1, 0, 0, 36340.5, 3777, 1, 1.52445e+09, 
0, 36340.5, 7915, 1, 0, 0, 36340.5, 3777, 1, 1.52445e+09, 
0, 36340.5, 7915, 1, 0, 0, 36340.5, 3777, 1, 1.52445e+09, 
0, 36340.5, 7915, 1, 0, 0, 36340.5, 3777, 1, 1.52445e+09, 
0, 36340.5, 7915, 1, 0, 0, 36340.5, 3777, 1, 1.52445e+09, 
0, 36340.5, 7915, 1, 0, 0, 36340.5, 3777, 1, 1.52445e+09, 
0, 36340.5, 7915, 1, 0, 0, 36340.5, 3777, 1, 1.52445e+09, 
0, 36340.5, 7915, 1, 0, 0, 36340.5, 3777, 1, 1.52445e+09, 
0, 36340.5, 7915, 1, 0, 0, 36340.5, 3777, 1, 1.52445e+09, 
0, 36340.5, 7915, 1, 0, 0, 36340.5, 3777, 1, 1.52445e+09, 
0, 36340.5, 7915, 1, 0, 0, 36340.5, 3777, 1, 1.52445e+09, 
0, 36340.5, 7915, 1, 0, 0, 36340.5, 3777, 1, 1.52445e+09, 
0, 36340.5, 7915, 1, 0, 0, 36340.5, 3777, 1, 1.52445e+09, 
0, 36340.5, 7915, 1, 0, 0, 36340.5, 3777, 1, 1.52445e+09, 
0, 36340.5, 7915, 1, 0, 0, 36340.5, 3777, 1, 1.52445e+09, 
0, 36340.5, 7915, 1, 0, 0, 36340.5, 3777, 1, 1.52445e+09, 
0, 36340.5, 7915, 1, 0, 0, 36340.5, 3777, 1, 1.52445e+09, 
0, 36340.5, 7915, 1, 0, 0, 36340.5, 3777, 1, 1.52445e+09, 
0, 36340.5, 7915, 1, 0, 0, 36340.5, 3777, 1, 1.52445e+09, 
0, 36340.5, 7915, 1, 0, 0, 36340.5, 3777, 1, 1.52445e+09, 
0, 36340.5, 7915, 1, 0, 0, 36340.5, 3777, 1, 1.52445e+09, 
0, 36340.5, 7915, 1, 0, 0, 36340.5, 3777, 1, 1.52445e+09, 
0, 36340.5, 7915, 1, 0, 0, 36340.5, 3777, 1, 1.52445e+09, 
0, 36340.5, 7915, 1, 0, 0, 36340.5, 3777, 1, 1.52445e+09, 
0, 36340.5, 7915, 1, 0, 0, 36340.5, 3777, 1, 1.52445e+09, 
0, 36340.5, 7915, 1, 0, 0, 36340.5, 3777, 1, 1.52445e+09, 
0, 36340.5, 7915, 1, 0, 0, 36340.5, 3777, 1, 1.52445e+09, 
0, 36340.5, 7915, 1, 0, 0, 36340.5, 3777, 1, 1.52445e+09, 
0, 36340.5, 7915, 1, 0, 0, 36340.5, 3777, 1, 1.52445e+09, 
0, 36340.5, 7915, 1, 0, 0, 36340.5, 3777, 1, 1.52445e+09, 
0, 36340.5, 7915, 1, 0, 0, 36340.5, 3777, 1, 1.52445e+09, 
0, 36340.5, 7915, 1, 0, 0, 36340.5, 3777, 1, 1.52445e+09, 
0, 36340.5, 7915, 1, 0, 0, 36340.5, 3777, 1, 1.52445e+09, 
0, 36340.5, 7915, 1, 0, 0, 36340.5, 3777, 1, 1.52445e+09, 
0, 36340.5, 7915, 1, 0, 0, 36340.5, 3777, 1, 1.52445e+09, 
0, 36340.5, 7915, 1, 0, 0, 36340.5, 3777, 1, 1.52445e+09, 
0, 36340.5, 7915, 1, 0, 0, 36340.5, 3777, 1, 1.52445e+09, 
0, 36340.5, 7915, 1, 0, 0, 36340.5, 3777, 1, 1.52445e+09, 
0, 36340.5, 7915, 1, 0, 0, 36340.5, 3777, 1, 1.52445e+09, 
0, 36340.5, 7915, 1, 0, 0, 36340.5, 3777, 1, 1.52445e+09, 
0, 36340.5, 7915, 1, 0, 0, 36340.5, 3777, 1, 1.52445e+09, 
0, 36340.5, 7915, 1, 0, 0, 36340.5, 3777, 1, 1.52445e+09, 
0, 36340.5, 7915, 1, 0, 0, 36340.5, 3777, 1, 1.52445e+09, 
0, 36340.5, 7915, 1, 0, 0, 36340.5, 3777, 1, 1.52445e+09, 
0, 36340.5, 7915, 1, 0, 0, 36340.5, 3777, 1, 1.52445e+09, 
0, 36340.5, 7915, 1, 0, 0, 36340.5, 3777, 1, 1.52445e+09, 
0, 36340.5, 7915, 1, 0, 0, 36340.5, 3777, 1, 1.52445e+09, 
0, 36340.5, 7915, 1, 0, 0, 36340.5, 3777, 1, 1.52445e+09, 
0, 36340.5, 7915, 1, 0, 0, 36340.5, 3777, 1, 1.52445e+09, 
0, 36340.5, 7915, 1, 0, 0, 36340.5, 3777, 1, 1.52445e+09, 
0, 36340.5, 7915, 1, 0, 0, 36340.5, 3777, 1, 1.52445e+09, 
0, 36340.5, 7915, 1, 0, 0, 36340.5, 3777, 1, 1.52445e+09, 
0, 36340.5, 7915, 1, 0, 0, 36340.5, 3777, 1, 1.52445e+09, 
0, 36340.5, 7915, 1, 0, 0, 36340.5, 3777, 1, 1.52445e+09, 
0, 36340.5, 7915, 1, 0, 0, 36340.5, 3777, 1, 1.52445e+09, 
