0, 43924.5, 4217, 1, 0, 0, 43924.5, 3495, 1, 1.5245e+09, 
0, 9467, 5697, 1, 0, 0, 9467, 4273, 1, 1.5245e+09, 
0, 37935, 1396, 1, 0, 0, 37935, 5722, 1, 1.5245e+09, 
0, 7300, 3425, 1, 0, 0, 7300, 9491, 1, 1.5245e+09, 
0, 20904, 8982, 1, 0, 0, 20904, 9500, 1, 1.5245e+09, 
0, 7350, 4657, 1, 0, 0, 7350, 5244, 1, 1.5245e+09, 
0, 22998, 9753, 1, 0, 0, 22998, 2964, 1, 1.5245e+09, 
0, 5144, 6603, 1, 0, 0, 5144, 2694, 1, 1.5245e+09, 
0, 11709, 1094, 1, 0, 0, 11709, 9491, 1, 1.5245e+09, 
0, 10240.5, 10354, 1, 0, 0, 10240.5, 3766, 1, 1.5245e+09, 
